/*--------------------------------*- C++ -*----------------------------------*\
  =========                 |
  \\      /  F ield         | OpenFOAM: The Open Source CFD Toolbox
   \\    /   O peration     | Website:  https://openfoam.org
    \\  /    A nd           | Version:  13
     \\/     M anipulation  |
\*---------------------------------------------------------------------------*/
FoamFile
{
    format      ascii;
    class       volScalarField;
    location    "0";
    object      yPlus;
}
// * * * * * * * * * * * * * * * * * * * * * * * * * * * * * * * * * * * * * //

dimensions      [];

internalField   uniform 0;

boundaryField
{
    inlet1
    {
        type            calculated;
        value           uniform 0;
    }
    inlet2
    {
        type            calculated;
        value           uniform 0;
    }
    lowerWall
    {
        type            calculated;
        value           nonuniform List<scalar> 
300
(
0.84052
0.84052
0.84052
0.84052
0.84052
0.84052
0.84052
0.84052
0.84052
0.84052
0.84052
0.84052
0.84052
0.84052
0.84052
0.84052
0.84052
0.84052
0.84052
0.84052
0.84052
0.84052
0.84052
0.84052
0.84052
0.84052
0.84052
0.84052
0.84052
0.84052
0.84052
0.84052
0.84052
0.84052
0.84052
0.84052
0.84052
0.84052
0.84052
0.84052
0.84052
0.84052
0.84052
0.84052
0.84052
0.84052
0.84052
0.84052
0.84052
0.84052
0.84052
0.84052
0.84052
0.84052
0.84052
0.84052
0.84052
0.84052
0.84052
0.84052
0.84052
0.84052
0.84052
0.84052
0.84052
0.84052
0.84052
0.84052
0.84052
0.84052
0.84052
0.84052
0.84052
0.84052
0.84052
0.84052
0.84052
0.84052
0.84052
0.84052
0.84052
0.84052
0.84052
0.84052
0.84052
0.84052
0.84052
0.84052
0.84052
0.84052
0.84052
0.84052
0.84052
0.84052
0.84052
0.84052
0.84052
0.84052
0.84052
0.84052
0.84052
0.84052
0.84052
0.84052
0.84052
0.84052
0.84052
0.84052
0.84052
0.84052
0.84052
0.84052
0.84052
0.84052
0.84052
0.84052
0.84052
0.84052
0.84052
0.84052
0.84052
0.84052
0.84052
0.84052
0.84052
0.84052
0.84052
0.84052
0.84052
0.84052
0.84052
0.84052
0.84052
0.84052
0.84052
0.84052
0.84052
0.84052
0.84052
0.84052
0.84052
0.84052
0.84052
0.84052
0.84052
0.84052
0.84052
0.84052
0.84052
0.84052
0.84052
0.84052
0.84052
0.84052
0.84052
0.84052
0.84052
0.84052
0.84052
0.84052
0.84052
0.84052
0.84052
0.84052
0.84052
0.84052
0.84052
0.84052
0.84052
0.84052
0.84052
0.84052
0.84052
0.84052
0.84052
0.84052
0.84052
0.84052
0.84052
0.84052
0.84052
0.84052
0.84052
0.84052
0.84052
0.84052
0.84052
0.84052
0.84052
0.84052
0.84052
0.84052
0.84052
0.84052
0.84052
0.84052
0.84052
0.84052
0.84052
0.84052
0.84052
0.84052
0.84052
0.84052
0.84052
0.84052
0.84052
0.84052
0.84052
0.84052
0.84052
0.84052
0.84052
0.84052
0.84052
0.84052
0.84052
0.84052
0.84052
0.84052
0.84052
0.84052
0.84052
0.84052
0.84052
0.84052
0.84052
0.84052
0.84052
0.84052
0.84052
0.84052
0.84052
0.84052
0.84052
0.84052
0.84052
0.84052
0.84052
0.84052
0.84052
0.84052
0.84052
0.84052
0.84052
0.84052
0.84052
0.84052
0.84052
0.84052
0.84052
0.84052
0.84052
0.84052
0.84052
0.84052
0.84052
0.84052
0.84052
0.84052
0.84052
0.84052
0.84052
0.84052
0.84052
0.84052
0.84052
0.84052
0.84052
0.84052
0.84052
0.84052
0.84052
0.84052
0.84052
0.84052
0.84052
0.84052
0.84052
0.84052
0.84052
0.84052
0.84052
0.84052
0.84052
0.84052
0.84052
0.84052
0.84052
0.84052
0.84052
0.84052
0.84052
0.84052
0.84052
0.84052
0.84052
0.84052
0.84052
0.84052
)
;
    }
    outlet
    {
        type            calculated;
        value           uniform 0;
    }
    frontAndBack
    {
        type            empty;
    }
}


// ************************************************************************* //
